[38;2;160;160;160m[48;2;189;189;189m▀[38;2;216;216;216m[48;2;254;254;254m▀[38;2;203;203;203m[48;2;255;255;255m▀[38;2;223;223;223m[48;2;149;152;149m▀[38;2;86;84;85m[48;2;101;84;90m▀[38;2;108;106;107m[48;2;243;226;232m▀[38;2;220;173;189m[48;2;229;167;186m▀[38;2;180;133;149m[48;2;232;170;189m▀[38;2;193;131;152m[48;2;226;162;182m▀[38;2;194;132;153m▀[38;2;190;134;151m[48;2;227;166;185m▀[38;2;193;137;154m[48;2;210;149;168m▀[38;2;191;132;152m[48;2;219;157;174m▀[38;2;190;131;151m[48;2;227;165;182m▀[38;2;191;132;152m[48;2;226;162;180m▀[38;2;190;131;151m[48;2;227;163;181m▀[38;2;189;133;150m[48;2;225;164;181m▀[48;2;223;162;179m▀[38;2;188;132;149m[48;2;225;161;179m▀[38;2;197;141;158m[48;2;224;160;178m▀[38;2;142;105;116m[48;2;228;181;193m▀[38;2;103;66;77m[48;2;139;92;104m▀[38;2;199;146;162m[48;2;152;105;117m▀[38;2;184;131;147m[48;2;227;180;192m▀[38;2;190;134;151m[48;2;219;157;174m▀[48;2;223;161;178m▀[48;2;223;162;179m▀[48;2;225;164;181m▀[38;2;188;135;151m[48;2;226;164;181m▀[48;2;227;165;182m▀[38;2;190;133;152m[48;2;228;164;182m▀[38;2;191;134;153m▀[38;2;183;136;152m[48;2;219;167;183m▀[38;2;194;147;163m[48;2;224;172;188m▀[38;2;201;157;172m[48;2;245;215;225m▀[38;2;182;138;153m[48;2;219;189;199m▀[38;2;193;134;154m[48;2;227;160;181m▀[38;2;192;133;153m[48;2;230;163;184m▀[38;2;190;132;150m[48;2;229;161;182m▀[38;2;202;144;162m[48;2;235;167;188m▀[38;2;79;65;68m[48;2;204;167;178m▀[38;2;139;125;128m[48;2;91;54;65m▀[38;2;223;225;224m[48;2;211;217;213m▀[38;2;204;206;205m[48;2;253;255;255m▀[0m
[38;2;179;179;181m[48;2;180;182;183m▀[38;2;252;252;254m[48;2;254;255;255m▀[38;2;197;197;197m[48;2;77;71;73m▀[38;2;57;57;57m[48;2;181;175;177m▀[38;2;246;210;222m[48;2;244;191;209m▀[38;2;212;176;188m[48;2;220;167;185m▀[38;2;215;156;176m[48;2;145;103;117m▀[38;2;176;117;137m[48;2;118;76;90m▀[38;2;216;154;173m[48;2;229;167;186m▀[38;2;218;156;175m[48;2;224;162;181m▀[38;2;208;161;175m[48;2;180;137;150m▀[38;2;120;73;87m[48;2;116;73;86m▀[38;2;208;150;166m[48;2;230;169;186m▀[38;2;217;159;175m[48;2;216;155;172m▀[38;2;219;155;173m[48;2;221;157;175m▀[48;2;220;156;174m▀[38;2;217;155;172m[48;2;219;155;173m▀▀▀[38;2;216;154;171m[48;2;221;157;175m▀[38;2;218;157;176m[48;2;205;155;170m▀[38;2;238;177;196m[48;2;175;125;140m▀[38;2;113;70;83m[48;2;92;73;79m▀[38;2;189;146;159m[48;2;56;37;43m▀[38;2;239;172;191m[48;2;130;98;107m▀[38;2;234;167;186m[48;2;126;94;103m▀[38;2;226;164;183m[48;2;183;127;144m▀[38;2;217;155;174m[48;2;218;162;179m▀[38;2;219;157;176m[48;2;219;157;176m▀[38;2;218;156;175m[48;2;222;160;179m▀[38;2;219;157;176m[48;2;218;156;175m▀[48;2;221;159;178m▀[38;2;222;158;178m[48;2;217;154;175m▀[38;2;223;159;179m[48;2;200;137;158m▀[38;2;211;186;194m[48;2;211;167;182m▀[38;2;234;209;217m[48;2;231;187;202m▀[38;2;216;163;179m[48;2;222;166;183m▀[38;2;212;159;175m[48;2;213;157;174m▀[38;2;220;156;176m[48;2;225;169;186m▀[38;2;213;149;169m[48;2;149;93;110m▀[38;2;230;174;191m[48;2;184;126;144m▀[38;2;182;126;143m[48;2;243;185;203m▀[38;2;73;71;72m[48;2;109;89;94m▀[38;2;245;243;244m[48;2;146;126;131m▀[0m
[38;2;199;204;204m[48;2;185;190;188m▀[38;2;166;171;171m[48;2;83;88;86m▀[38;2;114;95;101m[48;2;219;187;198m▀[38;2;245;226;232m[48;2;214;182;193m▀[38;2;211;157;175m[48;2;222;168;186m▀[38;2;213;159;177m[48;2;166;112;130m▀[38;2;102;58;73m[48;2;139;92;106m▀[38;2;206;162;177m[48;2;224;177;191m▀[38;2;224;157;178m[48;2;215;151;171m▀[38;2;234;167;188m[48;2;234;170;190m▀[38;2;152;111;123m[48;2;132;90;104m▀[38;2;134;93;105m[48;2;151;109;123m▀[38;2;233;171;188m[48;2;231;169;186m▀[38;2;217;155;172m[48;2;218;156;173m▀[38;2;221;157;175m[48;2;221;157;175m▀[48;2;220;156;174m▀[38;2;220;156;174m[48;2;219;155;173m▀[38;2;219;155;173m▀[38;2;218;154;172m[48;2;219;158;175m▀[38;2;227;163;181m[48;2;218;157;174m▀[38;2;167;126;138m[48;2;225;158;177m▀[38;2;109;68;80m[48;2;234;167;186m▀[38;2;161;132;140m[48;2;232;182;197m▀[38;2;78;49;57m[48;2;177;127;142m▀[38;2;99;77;81m[48;2;39;10;18m▀[38;2;148;126;130m[48;2;194;165;173m▀[38;2;134;84;99m[48;2;242;174;195m▀[38;2;219;169;184m[48;2;223;155;176m▀[38;2;186;140;154m[48;2;203;168;178m▀[38;2;137;91;105m[48;2;63;28;38m▀[38;2;232;171;190m[48;2;170;120;135m▀[38;2;214;153;172m[48;2;222;172;187m▀[38;2;220;169;186m[48;2;223;167;184m▀[38;2;127;76;93m[48;2;183;127;144m▀[38;2;195;141;159m[48;2;101;59;73m▀[38;2;219;165;183m[48;2;219;177;191m▀[38;2;220;156;176m[48;2;217;153;173m▀[38;2;221;157;177m[48;2;230;166;186m▀[38;2;220;164;181m[48;2;162;116;130m▀[38;2;210;154;171m[48;2;177;131;145m▀[38;2;121;69;85m[48;2;160;119;131m▀[38;2;216;164;180m[48;2;145;104;116m▀[38;2;211;172;183m[48;2;234;181;197m▀[38;2;92;53;64m[48;2;184;131;147m▀[0m
[38;2;108;108;108m[48;2;40;36;37m▀[38;2;114;114;114m[48;2;194;190;191m▀[38;2;255;209;225m[48;2;236;179;198m▀[38;2;200;153;169m[48;2;213;156;175m▀[38;2;223;172;189m[48;2;203;156;172m▀[38;2;126;75;92m[48;2;118;71;87m▀[38;2;187;134;150m[48;2;220;162;180m▀[38;2;221;168;184m[48;2;217;159;177m▀[38;2;216;154;173m[48;2;218;157;176m▀[38;2;232;170;189m[48;2;225;164;183m▀[38;2;116;75;87m[48;2;113;70;83m▀[38;2;168;127;139m[48;2;196;153;166m▀[38;2;228;166;185m[48;2;216;166;181m▀[38;2;218;156;175m[48;2;232;182;197m▀[38;2;220;156;174m[48;2;231;179;195m▀[38;2;221;157;175m[48;2;210;158;174m▀[38;2;219;155;173m[48;2;222;155;172m▀▀[38;2;220;158;173m[48;2;220;158;173m▀▀[38;2;217;156;173m[48;2;218;156;171m▀[38;2;215;154;171m[48;2;219;157;172m▀[38;2;215;159;174m[48;2;218;157;174m▀[38;2;208;152;167m[48;2;219;158;175m▀[38;2;69;55;58m[48;2;113;96;93m▀[38;2;76;62;65m[48;2;120;103;100m▀[38;2;221;159;178m[48;2;130;84;98m▀[38;2;218;156;175m[48;2;223;177;191m▀[38;2;219;180;191m[48;2;221;169;185m▀[38;2;114;75;86m[48;2;153;101;117m▀[38;2;58;29;37m[48;2;117;104;98m▀[38;2;187;158;166m[48;2;83;70;64m▀[38;2;225;161;181m[48;2;215;153;170m▀[38;2;234;170;190m[48;2;234;172;189m▀[38;2;75;46;54m[48;2;148;124;130m▀[38;2;132;103;111m[48;2;24;0;6m▀[38;2;237;175;194m[48;2;193;141;157m▀[38;2;217;155;174m[48;2;218;166;182m▀[38;2;203;160;173m[48;2;226;174;190m▀[38;2;103;60;73m[48;2;150;98;114m▀[38;2;200;165;175m[48;2;109;83;90m▀[38;2;116;81;91m[48;2;150;124;131m▀[38;2;213;157;174m[48;2;169;116;132m▀[38;2;220;164;181m[48;2;222;169;185m▀[0m
[38;2;68;58;61m[48;2;135;129;131m▀[38;2;233;223;226m[48;2;234;228;230m▀[38;2;217;158;178m[48;2;232;194;207m▀[38;2;225;166;186m[48;2;219;181;194m▀[38;2;176;132;147m[48;2;157;109;125m▀[38;2;132;88;103m[48;2;156;108;124m▀[38;2;231;170;189m[48;2;232;170;189m▀[38;2;217;156;175m[48;2;215;153;172m▀[38;2;216;154;173m[48;2;220;168;184m▀[38;2;235;173;192m[48;2;202;150;166m▀[38;2;111;79;88m[48;2;49;20;28m▀[38;2;100;68;77m[48;2;144;115;123m▀[38;2;202;163;174m[48;2;215;169;183m▀[38;2;232;193;204m[48;2;228;182;196m▀[38;2;238;192;206m[48;2;238;197;209m▀[38;2;205;159;173m[48;2;203;162;174m▀[38;2;224;157;176m[48;2;221;157;175m▀[38;2;223;156;175m▀[38;2;220;158;173m[48;2;220;158;173m▀▀▀[38;2;219;157;172m▀[38;2;218;156;175m[48;2;219;155;173m▀[38;2;231;169;188m[48;2;232;168;186m▀[38;2;103;84;80m[48;2;113;92;91m▀[38;2;186;167;163m[48;2;190;169;168m▀[38;2;106;76;78m[48;2;217;200;195m▀[38;2;161;131;133m[48;2;97;80;75m▀[38;2;242;184;202m[48;2;208;169;180m▀[38;2;173;115;133m[48;2;140;101;112m▀[38;2;160;153;145m[48;2;58;57;56m▀[38;2;185;178;170m[48;2;91;90;89m▀[38;2;112;66;78m[48;2;17;9;10m▀[38;2;225;179;191m[48;2;35;27;28m▀[38;2;216;181;189m[48;2;78;64;67m▀[38;2;103;68;76m[48;2;65;51;54m▀[38;2;96;65;72m[48;2;96;87;86m▀[38;2;193;162;169m[48;2;72;63;62m▀[38;2;224;162;179m[48;2;225;163;180m▀[38;2;220;158;175m[48;2;238;176;193m▀[38;2;39;30;31m[48;2;121;103;107m▀[38;2;75;66;67m[48;2;92;74;78m▀[38;2;127;84;97m[48;2;52;23;31m▀[38;2;217;174;187m[48;2;189;160;168m▀[0m
[38;2;173;164;167m[48;2;172;163;166m▀[38;2;232;223;226m[48;2;234;225;228m▀[38;2;234;194;207m[48;2;229;186;199m▀[38;2;218;178;191m[48;2;213;170;183m▀[38;2;151;100;117m[48;2;157;103;121m▀[38;2;181;130;147m[48;2;198;144;162m▀[38;2;227;163;183m[48;2;220;162;180m▀[38;2;224;160;180m[48;2;225;167;185m▀[38;2;186;154;163m[48;2;88;53;63m▀[38;2;94;62;71m[48;2;182;147;157m▀[38;2;75;46;54m[48;2;116;85;94m▀[38;2;155;126;134m[48;2;96;65;74m▀[38;2;220;170;185m[48;2;229;177;193m▀[38;2;225;175;190m[48;2;215;163;179m▀[38;2;240;201;212m[48;2;231;179;195m▀[38;2;203;164;175m[48;2;212;160;176m▀[38;2;220;156;174m[48;2;220;158;175m▀[48;2;219;157;174m▀[38;2;219;157;172m[48;2;220;158;173m▀[38;2;220;158;173m[48;2;219;157;172m▀[38;2;219;157;172m[48;2;220;156;172m▀[38;2;220;158;173m▀[38;2;220;153;170m[48;2;220;159;176m▀[38;2;238;171;188m[48;2;211;150;167m▀[38;2;135;113;119m[48;2;62;52;55m▀[38;2;99;77;83m[48;2;43;33;36m▀[38;2;184;185;179m[48;2;0;0;0m▀[38;2;57;58;52m[48;2;22;24;23m▀[38;2;0;0;0m[48;2;51;48;47m▀[48;2;102;99;98m▀[48;2;130;127;122m▀[38;2;24;24;24m[48;2;255;255;252m▀[38;2;50;52;51m[48;2;240;238;228m▀[38;2;48;50;49m[48;2;255;255;245m▀[38;2;0;0;0m[48;2;208;207;206m▀[48;2;73;72;71m▀[38;2;4;9;7m[48;2;18;20;19m▀[38;2;0;0;0m[48;2;49;51;50m▀[38;2;76;39;50m[48;2;0;0;0m▀[38;2;206;169;180m[48;2;29;23;25m▀[38;2;181;140;150m[48;2;162;127;137m▀[38;2;145;104;114m[48;2;108;73;83m▀[38;2;139;102;113m[48;2;227;169;187m▀[38;2;164;127;138m[48;2;214;156;174m▀[0m
[38;2;172;163;166m[48;2;173;164;165m▀[38;2;235;226;229m[48;2;235;226;227m▀[38;2;225;178;192m[48;2;223;170;186m▀[38;2;211;164;178m[48;2;212;159;175m▀[38;2;184;122;143m[48;2;214;152;171m▀[38;2;207;145;166m[48;2;216;154;173m▀[38;2;227;177;192m[48;2;221;165;182m▀[38;2;147;97;112m[48;2;178;122;139m▀[38;2;128;80;96m[48;2;210;149;168m▀[38;2;242;194;210m[48;2;231;170;189m▀[38;2;102;76;83m[48;2;119;99;102m▀[38;2;47;21;28m[48;2;70;50;53m▀[38;2;221;168;184m[48;2;169;122;136m▀[38;2;213;160;176m[48;2;221;174;188m▀[38;2;220;156;174m[48;2;219;155;173m▀[38;2;221;157;175m[48;2;221;157;175m▀[38;2;220;158;175m[48;2;220;158;173m▀▀[48;2;221;157;175m▀[48;2;222;158;176m▀[38;2;220;156;174m[48;2;220;158;175m▀[38;2;219;155;173m[48;2;219;157;174m▀[38;2;219;161;177m[48;2;217;156;173m▀[38;2;203;145;161m[48;2;226;165;182m▀[38;2;55;50;50m[48;2;43;35;36m▀[38;2;0;0;0m[48;2;134;126;127m▀[38;2;93;92;89m[48;2;248;246;236m▀[38;2;231;230;227m[48;2;246;244;234m▀[38;2;192;187;183m[48;2;167;163;156m▀[38;2;79;74;70m[48;2;0;0;0m▀[38;2;67;68;74m[48;2;0;27;90m▀[38;2;86;87;93m[48;2;13;53;116m▀[38;2;61;70;81m[48;2;0;59;151m▀[38;2;78;87;98m[48;2;0;57;149m▀[38;2;159;157;149m[48;2;6;29;64m▀[38;2;236;234;226m[48;2;47;70;105m▀[38;2;174;173;170m[48;2;235;232;219m▀[38;2;219;218;215m[48;2;231;228;215m▀[38;2;158;157;154m[48;2;255;252;247m▀[38;2;39;38;35m[48;2;159;156;151m▀[38;2;82;66;70m[48;2;153;112;122m▀[38;2;56;40;44m[48;2;202;161;171m▀[38;2;213;155;171m[48;2;216;154;171m▀[38;2;217;159;175m[48;2;220;158;175m▀[0m
[38;2;176;166;169m[48;2;180;148;159m▀[38;2;236;226;229m[48;2;227;195;206m▀[38;2;221;163;181m[48;2;218;154;172m▀[38;2;215;157;175m[48;2;221;157;175m▀[38;2;221;157;177m[48;2;220;156;174m▀[48;2;225;161;179m▀[38;2;219;157;176m[48;2;190;142;158m▀[38;2;227;165;184m[48;2;145;97;113m▀[38;2;220;156;176m[48;2;224;163;182m▀[38;2;232;168;188m[48;2;230;169;188m▀[38;2;111;92;90m[48;2;108;85;84m▀[38;2;144;125;123m[48;2;188;165;164m▀[38;2;106;69;76m[48;2;152;133;131m▀[38;2;209;172;179m[48;2;110;91;89m▀[38;2;222;155;176m[48;2;239;177;196m▀[38;2;223;156;177m[48;2;219;157;176m▀[38;2;221;157;173m[48;2;221;157;175m▀[48;2;220;156;174m▀[38;2;222;158;176m[48;2;221;165;182m▀[38;2;219;155;173m[48;2;199;143;160m▀[38;2;219;157;174m[48;2;147;94;112m▀[38;2;220;158;175m[48;2;220;167;185m▀[48;2;222;164;182m▀[38;2;213;151;168m[48;2;181;123;141m▀[38;2;94;85;84m[48;2;123;116;110m▀[38;2;236;227;226m[48;2;244;237;231m▀[38;2;238;234;227m[48;2;220;224;229m▀[38;2;178;174;167m[48;2;53;57;62m▀[38;2;0;28;70m[48;2;0;59;142m▀[38;2;16;44;86m[48;2;17;77;160m▀[38;2;6;66;146m[48;2;7;72;158m▀[38;2;17;77;157m▀[38;2;8;75;162m[48;2;10;72;157m▀[38;2;10;77;164m[48;2;12;74;159m▀[38;2;25;82;163m[48;2;7;77;166m▀[38;2;0;42;123m[48;2;12;82;171m▀[38;2;100;100;102m[48;2;41;53;69m▀[38;2;237;237;239m[48;2;200;212;228m▀[38;2;225;225;215m[48;2;228;225;212m▀[38;2;204;204;194m[48;2;239;236;223m▀[38;2;110;71;82m[48;2;115;86;94m▀[38;2;217;178;189m[48;2;172;143;151m▀[38;2;222;155;174m[48;2;227;163;181m▀[38;2;223;156;175m[48;2;220;156;174m▀[0m
[38;2;176;120;137m[48;2;173;120;136m▀[38;2;223;167;184m[48;2;223;170;186m▀[38;2;222;155;174m[48;2;219;155;173m▀[38;2;223;156;175m[48;2;221;157;175m▀[38;2;220;156;174m▀[38;2;226;162;180m[48;2;224;160;178m▀[38;2;185;143;157m[48;2;194;156;169m▀[38;2;103;61;75m[48;2;77;39;52m▀[38;2;223;164;184m[48;2;207;153;171m▀[38;2;228;169;189m[48;2;226;172;190m▀[38;2;111;89;93m[48;2;124;104;109m▀[38;2;185;163;167m[48;2;171;151;156m▀[38;2;149;150;144m[48;2;80;86;82m▀[38;2;34;35;29m[48;2;14;20;16m▀[38;2;122;81;93m[48;2;0;0;0m▀[38;2;215;174;186m[48;2;79;69;72m▀[38;2;224;157;176m[48;2;234;172;191m▀[38;2;221;154;173m[48;2;230;168;187m▀[38;2;217;159;177m[48;2;215;154;173m▀[38;2;221;163;181m[48;2;230;169;188m▀[38;2;121;74;90m[48;2;134;87;103m▀[38;2;199;152;168m[48;2;173;126;142m▀[38;2;225;177;193m[48;2;208;172;184m▀[38;2;133;85;101m[48;2;107;71;83m▀[38;2;169;166;155m[48;2;223;222;208m▀[38;2;251;248;237m[48;2;240;239;225m▀[38;2;164;180;199m[48;2;151;169;195m▀[38;2;20;36;55m[48;2;19;37;63m▀[38;2;12;79;164m[48;2;11;79;169m▀[38;2;5;72;157m[48;2;8;76;166m▀[38;2;9;74;158m[48;2;7;74;159m▀[48;2;8;75;160m▀[38;2;7;74;161m[48;2;22;93;167m▀[38;2;5;72;159m[48;2;42;113;187m▀[38;2;0;74;165m[48;2;55;131;195m▀[38;2;5;79;170m[48;2;62;138;202m▀[38;2;32;49;71m[48;2;60;69;80m▀[38;2;182;199;221m[48;2;205;214;225m▀[38;2;234;228;216m[48;2;231;214;200m▀[38;2;245;239;227m[48;2;235;218;204m▀[38;2;153;133;138m[48;2;195;177;177m▀[38;2;125;105;110m[48;2;98;80;80m▀[38;2;234;170;188m[48;2;229;168;187m▀[38;2;218;154;172m[48;2;215;154;173m▀[0m
[38;2;172;118;136m[48;2;173;119;137m▀[38;2;221;167;185m[48;2;221;167;185m▀[38;2;219;155;173m[48;2;221;157;177m▀[38;2;221;157;175m[48;2;223;159;179m▀[38;2;223;156;175m[48;2;221;154;175m▀[38;2;224;157;176m[48;2;224;157;178m▀[38;2;203;167;179m[48;2;198;163;173m▀[38;2;49;13;25m[48;2;90;55;65m▀[38;2;168;124;139m[48;2;114;102;106m▀[38;2;235;191;206m[48;2;93;81;85m▀[38;2;91;76;81m[48;2;0;0;0m▀[38;2;4;0;0m[48;2;85;83;84m▀[38;2;16;19;16m[48;2;228;225;214m▀[38;2;114;117;114m[48;2;218;215;204m▀[38;2;214;215;211m[48;2;192;186;174m▀[38;2;144;145;141m[48;2;218;212;200m▀[38;2;99;64;74m[48;2;207;207;199m▀[38;2;165;130;140m[48;2;120;120;112m▀[38;2;230;163;184m[48;2;107;74;85m▀[38;2;249;182;203m[48;2;141;108;119m▀[38;2;162;115;131m[48;2;133;97;109m▀[38;2;164;117;133m[48;2;121;85;97m▀[38;2;148;127;134m[48;2;95;87;88m▀[38;2;146;125;132m[48;2;223;215;216m▀[38;2;243;240;227m[48;2;229;225;216m▀[38;2;229;226;213m[48;2;223;219;210m▀[38;2;187;203;222m[48;2;236;238;241m▀[38;2;32;48;67m[48;2;92;94;97m▀[38;2;13;84;176m[48;2;0;53;127m▀[38;2;2;73;165m[48;2;55;124;198m▀[38;2;27;101;164m[48;2;105;188;230m▀[38;2;75;149;212m[48;2;102;185;227m▀[38;2;93;176;214m[48;2;94;182;224m▀[38;2;99;182;220m▀[38;2;123;193;228m[48;2;112;140;156m▀[38;2;66;136;171m[48;2;97;125;141m▀[38;2;141;126;121m[48;2;236;202;192m▀[38;2;234;219;214m[48;2;225;191;181m▀[38;2;225;197;185m[48;2;225;196;187m▀[38;2;228;200;188m[48;2;218;189;180m▀[38;2;223;204;200m[48;2;234;216;210m▀[38;2;96;77;73m[48;2;119;101;95m▀[38;2;209;151;169m[48;2;180;127;143m▀[38;2;218;160;178m[48;2;221;168;184m▀[0m
[38;2;171;117;135m[48;2;171;117;135m▀[38;2;226;172;190m[48;2;230;176;194m▀[38;2;194;136;154m[48;2;175;125;140m▀[38;2;192;134;152m[48;2;155;105;120m▀[38;2;225;161;181m[48;2;233;169;189m▀[38;2;222;158;178m[48;2;218;154;174m▀[38;2;189;157;166m[48;2;204;171;182m▀[38;2;125;93;102m[48;2;60;27;38m▀[38;2;50;55;53m[48;2;0;0;0m▀[38;2;0;0;0m[48;2;74;73;68m▀[38;2;77;70;64m[48;2;87;93;111m▀[38;2;135;128;122m[48;2;2;8;26m▀[38;2;75;90;115m[48;2;0;55;141m▀[38;2;13;28;53m[48;2;12;71;157m▀[38;2;8;37;83m[48;2;10;75;169m▀[38;2;7;36;82m[48;2;11;76;170m▀[38;2;77;79;78m[48;2;15;51;105m▀[38;2;209;211;210m[48;2;0;36;90m▀[38;2;217;218;212m[48;2;205;199;189m▀[38;2;155;156;150m[48;2;255;254;244m▀[38;2;102;101;100m[48;2;220;217;212m▀[38;2;19;18;17m[48;2;176;173;168m▀[38;2;179;178;173m[48;2;241;239;231m▀[38;2;235;234;229m[48;2;223;221;213m▀[38;2;223;221;213m[48;2;225;223;215m▀[38;2;225;223;215m[48;2;226;224;216m▀[38;2;236;228;220m[48;2;226;222;213m▀[38;2;219;211;203m[48;2;233;229;220m▀[38;2;53;80;101m[48;2;236;229;221m▀[38;2;75;102;123m[48;2;180;173;165m▀[38;2;87;156;194m[48;2;160;159;156m▀[38;2;104;173;211m[48;2;207;206;203m▀[38;2;134;167;188m[48;2;222;213;204m▀[38;2;141;174;195m[48;2;231;222;213m▀[38;2;203;181;172m[48;2;230;207;195m▀[38;2;229;207;198m[48;2;222;199;187m▀[38;2;235;203;194m[48;2;232;200;192m▀[38;2;211;179;170m[48;2;212;180;172m▀[38;2;228;192;184m[48;2;228;192;184m▀[38;2;214;178;170m[48;2;215;179;171m▀[38;2;233;215;209m[48;2;229;211;203m▀[38;2;148;130;124m[48;2;174;156;148m▀[38;2;150;103;117m[48;2;130;84;98m▀[38;2;221;174;188m[48;2;221;175;189m▀[0m
[38;2;173;119;137m[48;2;175;122;140m▀[38;2;226;172;190m[48;2;221;168;186m▀[38;2;194;147;161m[48;2;218;166;182m▀[38;2;137;90;104m[48;2;136;84;100m▀[38;2;227;165;184m[48;2;201;148;166m▀[38;2;224;162;181m[48;2;229;176;194m▀[38;2;179;152;161m[48;2;65;54;56m▀[38;2;7;0;0m[48;2;25;14;16m▀[38;2;124;124;114m[48;2;241;242;236m▀[38;2;194;194;184m[48;2;135;136;130m▀[38;2;0;0;18m[48;2;0;33;96m▀[38;2;30;47;79m[48;2;23;65;128m▀[38;2;16;78;165m[48;2;8;70;155m▀[38;2;8;70;157m[48;2;9;71;156m▀[38;2;10;72;153m[48;2;11;74;156m▀[48;2;13;76;158m▀[38;2;22;82;165m[48;2;8;76;166m▀[38;2;0;58;141m[48;2;7;75;165m▀[38;2;81;86;88m[48;2;47;59;73m▀[38;2;229;234;236m[48;2;206;218;232m▀[38;2;225;222;211m[48;2;229;223;211m▀[38;2;236;233;222m[48;2;225;219;207m▀[38;2;223;221;213m[48;2;224;221;218m▀[38;2;225;223;215m▀[38;2;224;221;216m[48;2;222;220;212m▀[48;2;221;219;211m▀[38;2;226;222;213m[48;2;221;217;208m▀[38;2;223;219;210m[48;2;233;229;220m▀[38;2;227;223;214m[48;2;228;224;215m▀[38;2;243;239;230m[48;2;201;197;188m▀[38;2;239;235;226m[48;2;227;225;215m▀[38;2;231;227;218m[48;2;224;222;212m▀[38;2;234;227;217m[48;2;231;222;213m▀[38;2;223;216;206m[48;2;225;216;207m▀[38;2;222;199;187m[48;2;225;199;188m▀[38;2;224;201;189m[48;2;226;200;189m▀[38;2;232;200;191m[48;2;228;200;190m▀[38;2;214;182;173m[48;2;223;195;185m▀[38;2;226;194;185m[48;2;228;199;189m▀[38;2;225;193;184m[48;2;225;196;186m▀[38;2;227;209;199m[48;2;240;224;215m▀[38;2;197;179;169m[48;2;141;125;116m▀[38;2;114;73;85m[48;2;70;33;44m▀[38;2;215;174;186m[48;2;214;177;188m▀[0m
[38;2;116;73;86m[48;2;50;23;34m▀[38;2;219;176;189m[48;2;183;156;167m▀[38;2;225;169;186m[48;2;228;171;190m▀[38;2;155;99;116m[48;2;175;118;137m▀[38;2;143;107;121m[48;2;60;43;51m▀[38;2;190;154;168m[48;2;116;99;107m▀[38;2;0;0;0m[48;2;0;0;0m▀[38;2;90;85;83m[48;2;104;101;96m▀[38;2;250;255;255m[48;2;248;253;255m▀[38;2;76;81;83m[48;2;70;75;81m▀[38;2;0;55;135m[48;2;0;60;141m▀[38;2;14;74;154m[48;2;12;75;156m▀[38;2;8;73;157m[48;2;8;75;162m▀[38;2;11;76;160m[48;2;9;76;163m▀[38;2;7;72;158m[48;2;31;105;172m▀[48;2;61;135;202m▀[38;2;13;84;170m[48;2;106;175;220m▀[38;2;19;90;176m[48;2;62;131;176m▀[38;2;60;70;81m[48;2;122;121;120m▀[38;2;215;225;236m[48;2;240;239;238m▀[38;2;228;222;210m[48;2;223;219;210m▀[38;2;227;221;209m▀[38;2;223;220;215m[48;2;228;226;218m▀[48;2;234;232;224m▀[38;2;235;233;223m[48;2;184;183;178m▀[38;2;238;236;226m[48;2;155;154;149m▀[38;2;240;240;232m[48;2;153;129;123m▀[38;2;220;220;212m[48;2;116;92;86m▀[38;2;85;82;77m[48;2;71;51;46m▀[38;2;184;181;176m[48;2;173;153;148m▀[38;2;234;232;222m[48;2;244;246;237m▀[38;2;223;221;211m[48;2;216;218;209m▀[38;2;231;224;214m[48;2;230;223;215m▀[38;2;227;220;210m▀[38;2;226;200;190m[48;2;229;205;197m▀[48;2;224;200;192m▀[38;2;227;199;189m[48;2;228;200;190m▀[38;2;228;200;190m[48;2;223;195;185m▀[38;2;224;196;187m[48;2;231;207;199m▀[38;2;237;209;200m[48;2;226;202;194m▀[38;2;194;184;177m[48;2;74;60;59m▀[38;2;47;37;30m[48;2;52;38;37m▀[38;2;88;51;62m[48;2;90;53;62m▀[38;2;201;164;175m[48;2;193;156;165m▀[0m
[38;2;55;48;57m[48;2;20;17;12m▀[38;2;86;79;88m[48;2;38;35;30m▀[38;2;231;175;192m[48;2;164;117;129m▀[38;2;201;145;162m[48;2;226;179;191m▀[38;2;33;27;29m[48;2;102;82;83m▀[38;2;38;32;34m[48;2;81;61;62m▀[38;2;30;27;22m[48;2;94;93;90m▀[38;2;41;38;33m[48;2;26;25;22m▀[38;2;225;230;232m[48;2;94;90;83m▀[38;2;99;104;106m[48;2;201;197;190m▀[38;2;0;58;140m[48;2;0;42;102m▀[38;2;19;82;164m[48;2;26;77;137m▀[38;2;17;89;157m[48;2;85;172;227m▀[38;2;74;146;214m[48;2;109;196;251m▀[38;2;98;184;227m[48;2;99;171;211m▀[38;2;104;190;233m[48;2;96;168;208m▀[38;2;119;161;189m[48;2;173;173;175m▀[38;2;60;102;130m[48;2;215;215;217m▀[38;2;228;216;208m[48;2;238;229;218m▀[38;2;236;224;216m[48;2;236;227;216m▀[38;2;219;215;206m[48;2;243;243;235m▀[38;2;232;228;219m[48;2;218;218;210m▀[38;2;228;227;224m[48;2;121;87;80m▀[38;2;87;86;83m▀[38;2;98;41;33m[48;2;137;60;46m▀[38;2;162;105;97m[48;2;214;137;123m▀[38;2;193;92;74m[48;2;221;120;102m▀[38;2;217;116;98m[48;2;217;116;98m▀[38;2;190;133;125m[48;2;215;125;107m▀[38;2;99;42;34m[48;2;201;111;93m▀[38;2;189;192;187m[48;2;76;59;54m▀[38;2;243;246;241m[48;2;156;139;134m▀[38;2;225;221;212m[48;2;234;234;226m▀[38;2;226;222;213m[48;2;238;238;230m▀[38;2;233;217;208m[48;2;227;219;211m▀[38;2;222;206;197m▀[38;2;222;194;185m[48;2;248;232;225m▀[38;2;239;211;202m[48;2;190;174;167m▀[38;2;215;196;192m[48;2;84;60;66m▀[38;2;69;50;46m[48;2;49;25;31m▀[38;2;131;88;101m[48;2;140;84;101m▀[38;2;110;67;80m[48;2;165;109;126m▀[38;2;39;8;15m[48;2;57;20;31m▀[38;2;188;157;164m[48;2;183;146;157m▀[0m
[38;2;10;9;0m[48;2;125;124;121m▀[38;2;105;104;88m[48;2;109;108;105m▀[38;2;72;49;46m[48;2;50;39;37m▀[38;2;158;135;132m[48;2;96;85;83m▀[38;2;144;107;116m[48;2;73;51;57m▀[38;2;182;145;154m[48;2;108;86;92m▀[38;2;82;71;71m[48;2;236;186;199m▀[38;2;38;27;27m[48;2;168;118;131m▀[38;2;35;28;20m[48;2;64;54;49m▀[38;2;170;163;155m[48;2;93;83;78m▀[38;2;172;173;179m[48;2;250;227;215m▀[38;2;65;66;72m[48;2;224;201;189m▀[38;2;75;113;136m[48;2;206;177;165m▀[38;2;95;133;156m[48;2;215;186;174m▀[38;2;158;158;162m[48;2;234;205;193m▀[38;2;182;182;186m[48;2;235;206;194m▀[38;2;234;206;194m[48;2;227;199;189m▀[48;2;225;197;187m▀[38;2;229;225;218m[48;2;218;210;202m▀[38;2;187;183;176m[48;2;219;211;203m▀[38;2;142;123;119m[48;2;104;55;50m▀[38;2;112;93;89m[48;2;163;114;109m▀[38;2;183;99;88m[48;2;228;125;110m▀[38;2;223;139;128m[48;2;226;123;108m▀[38;2;115;49;39m[48;2;151;88;82m▀[38;2;179;113;103m[48;2;129;66;60m▀[38;2;218;120;103m[48;2;224;129;113m▀[38;2;215;117;100m[48;2;212;117;101m▀[38;2;214;116;97m[48;2;215;118;101m▀[38;2;221;123;104m[48;2;214;117;100m▀[38;2;204;127;115m[48;2;220;117;100m▀[38;2;139;62;50m[48;2;234;131;114m▀[38;2;83;78;74m[48;2;177;114;105m▀[38;2;177;172;168m[48;2;114;51;42m▀[38;2;242;245;238m[48;2;101;96;94m▀[38;2;229;232;225m[48;2;92;87;85m▀[38;2;132;116;120m[48;2;113;75;77m▀[38;2;57;41;45m[48;2;97;59;61m▀[38;2;168;101;122m[48;2;139;89;104m▀[38;2;150;83;104m[48;2;120;70;85m▀[38;2;60;19;31m[48;2;67;72;72m▀[38;2;134;93;105m[48;2;109;114;114m▀[38;2;78;37;47m[48;2;83;54;62m▀[38;2;184;143;153m[48;2;182;153;161m▀[0m
[38;2;182;187;185m[48;2;176;181;179m▀[38;2;238;243;241m[48;2;255;255;255m▀[38;2;112;83;91m[48;2;150;128;134m▀[38;2;185;156;164m[48;2;146;124;130m▀[38;2;160;114;128m[48;2;245;178;197m▀[38;2;147;101;115m[48;2;231;164;183m▀[38;2;223;167;184m[48;2;215;154;171m▀[48;2;234;173;190m▀[38;2;52;38;37m[48;2;70;54;56m▀[38;2;108;94;93m[48;2;85;69;71m▀[38;2;237;216;204m[48;2;240;221;209m▀[38;2;220;199;187m[48;2;217;198;186m▀[38;2;235;206;197m[48;2;233;197;189m▀[38;2;226;197;188m[48;2;209;173;165m▀[38;2;225;196;186m[48;2;226;188;179m▀[38;2;221;192;182m[48;2;217;179;170m▀[38;2;227;199;187m[48;2;227;199;187m▀▀[38;2;213;199;190m[48;2;218;200;192m▀[38;2;239;225;216m[48;2;233;215;207m▀[38;2;134;86;78m[48;2;131;83;75m▀[38;2;166;118;110m[48;2;163;115;107m▀[38;2;225;118;102m[48;2;223;120;105m▀[38;2;223;116;100m[48;2;219;116;101m▀[38;2;200;126;117m[48;2;216;119;104m▀[38;2;139;65;56m[48;2;220;123;108m▀[38;2;205;116;102m[48;2;215;118;103m▀[38;2;211;122;108m▀[38;2;216;118;99m[48;2;215;118;101m▀▀[38;2;215;120;104m[48;2;214;119;103m▀[38;2;212;117;101m[48;2;217;122;106m▀[38;2;223;125;110m[48;2;212;113;101m▀[38;2;236;138;123m[48;2;200;101;89m▀[38;2;121;68;64m[48;2;211;139;131m▀[38;2;106;53;49m[48;2;129;57;49m▀[38;2;242;203;204m[48;2;164;133;133m▀[38;2;123;84;85m[48;2;144;113;113m▀[38;2;74;76;75m[48;2;135;91;94m▀[38;2;126;128;127m[48;2;182;138;141m▀[38;2;133;122;124m[48;2;211;151;157m▀[38;2;125;114;116m[48;2;199;139;145m▀[38;2;89;52;61m[48;2;101;81;86m▀[38;2;207;170;179m[48;2;105;85;90m▀[0m
[38;2;177;182;182m[48;2;179;184;184m▀[38;2;252;255;255m[48;2;253;255;255m▀[38;2;174;158;162m[48;2;206;195;197m▀[38;2;119;103;107m[48;2;99;88;90m▀[38;2;230;169;186m[48;2;236;175;192m▀[38;2;214;153;170m[48;2;218;157;174m▀[38;2;216;154;171m[48;2;232;168;186m▀[38;2;234;172;189m[48;2;227;163;181m▀[38;2;128;108;113m[48;2;181;155;162m▀[38;2;30;10;15m[48;2;32;6;13m▀[38;2;225;207;197m[48;2;119;105;98m▀[38;2;221;203;193m[48;2;239;225;218m▀[38;2;232;196;188m[48;2;232;194;185m▀[38;2;210;174;166m[48;2;209;171;162m▀[38;2;227;191;181m[48;2;224;195;185m▀[38;2;219;183;173m[48;2;227;198;188m▀[38;2;227;199;189m[48;2;227;199;189m▀▀[38;2;216;198;188m[48;2;216;198;188m▀[38;2;238;220;210m[48;2;239;221;211m▀[38;2;145;102;92m[48;2;170;134;127m▀[38;2;149;106;96m[48;2;121;85;78m▀[38;2;225;122;107m[48;2;229;128;114m▀[38;2;219;116;101m[48;2;217;116;102m▀[38;2;214;119;103m[48;2;215;117;105m▀[38;2;213;118;102m[48;2;216;118;106m▀[38;2;214;117;102m[48;2;218;120;108m▀[38;2;215;118;103m[48;2;217;119;107m▀[38;2;215;118;101m[48;2;214;116;104m▀[38;2;217;120;103m[48;2;210;112;100m▀[38;2;213;120;107m[48;2;182;92;85m▀[38;2;193;100;87m[48;2;164;74;67m▀[38;2;168;80;73m[48;2;163;77;69m▀[38;2;161;73;66m[48;2;164;78;70m▀[38;2;162;85;77m[48;2;154;77;69m▀[38;2;163;86;78m[48;2;163;86;78m▀[38;2;117;80;80m[48;2;110;62;64m▀[38;2;163;126;126m[48;2;220;172;174m▀[38;2;225;155;159m[48;2;223;155;159m▀[38;2;234;164;168m[48;2;222;154;158m▀[38;2;227;179;183m[48;2;221;159;164m▀[38;2;141;93;97m[48;2;205;143;148m▀[38;2;50;27;26m[48;2;183;135;137m▀[38;2;152;129;128m▀[0m
[38;2;182;184;185m[48;2;181;183;184m▀[38;2;249;251;252m[48;2;252;254;255m▀[38;2;227;219;220m[48;2;251;249;250m▀[38;2;98;90;91m[48;2;104;102;103m▀[38;2;146;124;130m[48;2;69;64;60m▀[38;2;87;65;71m[48;2;188;183;179m▀[38;2;145;98;110m[48;2;131;111;114m▀[38;2;222;175;187m[48;2;89;69;72m▀[38;2;213;172;182m[48;2;233;192;204m▀[38;2;116;75;85m[48;2;124;83;95m▀[38;2;38;31;25m[48;2;43;42;41m▀[38;2;115;108;102m[48;2;19;18;17m▀[38;2;242;213;203m[48;2;80;67;63m▀[38;2;237;208;198m[48;2;158;145;141m▀[38;2;231;202;192m[48;2;207;184;173m▀[38;2;228;199;189m[48;2;228;205;194m▀[38;2;226;198;188m[48;2;231;205;195m▀[38;2;225;197;187m[48;2;235;209;199m▀[38;2;218;198;189m[48;2;224;208;199m▀[38;2;237;217;208m[48;2;229;213;204m▀[38;2;213;191;186m[48;2;208;200;197m▀[38;2;94;72;67m[48;2;60;52;49m▀[38;2;226;127;115m[48;2;200;110;101m▀[38;2;214;115;103m[48;2;213;123;114m▀[38;2;216;120;108m[48;2;204;111;100m▀[38;2;208;112;100m[48;2;171;78;67m▀[38;2;186;94;85m[48;2;161;73;65m▀[38;2;178;86;77m[48;2;163;75;67m▀[38;2;172;84;76m[48;2;163;77;69m▀[38;2;167;79;71m[48;2;164;78;70m▀[38;2;163;77;69m[48;2;163;76;71m▀[38;2;165;79;71m▀[38;2;164;76;69m[48;2;164;74;68m▀[48;2;163;73;67m▀[38;2;155;77;69m[48;2;158;84;79m▀[38;2;167;89;81m[48;2;154;80;75m▀[38;2;110;62;64m[48;2;126;78;80m▀[38;2;212;164;166m[48;2;223;175;177m▀[38;2;223;155;159m[48;2;221;153;156m▀[38;2;224;156;160m[48;2;224;156;159m▀[38;2;223;155;158m[48;2;222;157;159m▀[38;2;230;162;165m[48;2;220;155;157m▀[38;2;205;160;163m[48;2;224;159;162m▀[38;2;118;73;76m[48;2;231;166;169m▀[0m
[38;2;189;191;192m[48;2;201;203;204m▀[38;2;219;221;222m[48;2;151;153;154m▀[38;2;100;98;99m[48;2;110;106;99m▀[38;2;39;37;38m[48;2;164;160;153m▀[38;2;44;39;37m[48;2;109;106;101m▀[38;2;215;210;208m[48;2;229;226;221m▀[38;2;246;241;237m[48;2;224;222;214m▀[38;2;146;141;137m[48;2;246;244;236m▀[38;2;66;52;55m[48;2;175;167;164m▀[38;2;88;74;77m[48;2;206;198;195m▀[38;2;215;202;198m[48;2;245;244;239m▀[38;2;121;108;104m[48;2;148;147;142m▀[38;2;90;47;58m[48;2;95;34;51m▀[38;2;110;67;78m[48;2;184;123;140m▀[38;2;75;53;57m[48;2;155;94;111m▀[38;2;68;46;50m[48;2;73;12;29m▀[38;2;101;83;83m[48;2;142;95;107m▀[38;2;90;72;72m[48;2;97;50;62m▀[38;2;91;73;73m[48;2;104;44;56m▀[38;2;73;55;55m[48;2;163;103;115m▀[38;2;68;57;59m[48;2;56;32;36m▀[38;2;35;24;26m[48;2;74;50;54m▀[38;2;127;57;49m[48;2;35;2;0m▀[38;2;214;144;136m[48;2;131;98;93m▀[38;2;178;84;76m[48;2;200;106;98m▀[38;2;165;71;63m[48;2;160;66;58m▀[38;2;166;78;70m[48;2;163;77;68m▀[38;2;165;77;69m▀[38;2;164;78;70m[48;2;163;77;69m▀[38;2;163;77;69m[48;2;162;76;68m▀[38;2;159;74;69m[48;2;160;73;68m▀[48;2;157;70;65m▀[38;2;164;72;66m[48;2;164;76;69m▀[38;2;161;69;63m[48;2;180;92;85m▀[38;2;162;104;99m[48;2;92;51;51m▀[38;2;101;43;38m[48;2;136;95;95m▀[38;2;180;129;132m[48;2;233;171;176m▀[38;2;221;170;173m[48;2;219;157;162m▀[38;2;223;155;158m[48;2;224;159;162m▀[38;2;224;156;159m[48;2;222;157;160m▀[38;2;222;157;159m[48;2;222;157;159m▀[38;2;223;158;160m[48;2;223;158;160m▀[38;2;221;157;160m▀[38;2;220;156;159m[48;2;222;157;159m▀[0m
[38;2;199;201;202m[48;2;193;195;196m▀[38;2;166;168;169m[48;2;217;219;220m▀[38;2;126;119;111m[48;2;105;102;97m▀[38;2;250;243;235m[48;2;238;235;230m▀[38;2;238;234;225m[48;2;221;219;209m▀[38;2;226;222;213m[48;2;229;227;217m▀[38;2;231;224;216m[48;2;229;215;208m▀[38;2;219;212;204m[48;2;202;188;181m▀[38;2;226;202;196m[48;2;206;177;173m▀[38;2;211;187;181m[48;2;203;174;170m▀[38;2;220;216;209m[48;2;218;205;199m▀[38;2;169;165;158m[48;2;146;133;127m▀[38;2;46;7;18m[48;2;66;57;56m▀[38;2;137;98;109m[48;2;35;26;25m▀[38;2;182;114;133m[48;2;125;72;90m▀[38;2;104;36;55m[48;2;114;61;79m▀[38;2;136;83;97m[48;2;74;37;46m▀[38;2;153;100;114m[48;2;110;73;82m▀[38;2;54;15;24m[48;2;82;84;83m▀[38;2;113;74;83m[48;2;122;124;123m▀[38;2;81;77;78m[48;2;137;117;118m▀[38;2;116;112;113m[48;2;128;108;109m▀[38;2;87;69;69m[48;2;217;158;162m▀[38;2;81;63;63m[48;2;226;167;171m▀[38;2;149;75;70m[48;2;106;73;72m▀[38;2;174;100;95m[48;2;92;59;58m▀[38;2;170;78;69m[48;2;144;74;68m▀[38;2;166;74;65m[48;2;154;84;78m▀[38;2;163;75;67m[48;2;161;81;74m▀[38;2;164;76;68m[48;2;156;76;69m▀[38;2;172;78;70m[48;2;121;74;68m▀[38;2;179;85;77m[48;2;101;54;48m▀[38;2;133;86;83m[48;2;86;75;75m▀[38;2;80;33;30m[48;2;71;60;60m▀[38;2;122;83;84m[48;2;134;95;96m▀[38;2;222;183;184m[48;2;211;172;173m▀[38;2;221;156;158m[48;2;222;157;159m▀[38;2;225;160;162m[48;2;224;159;161m▀[38;2;222;158;161m[48;2;223;159;161m▀[38;2;221;157;160m[48;2;222;158;160m▀[38;2;222;158;160m[48;2;224;159;161m▀[38;2;221;157;159m[48;2;223;158;160m▀[38;2;222;158;160m[48;2;222;157;159m▀[38;2;221;157;159m▀[0m
[38;2;201;203;204m[48;2;81;78;77m▀[38;2;178;180;181m[48;2;96;93;92m▀[38;2;73;70;65m[48;2;203;199;190m▀[38;2;233;230;225m[48;2;228;224;215m▀[38;2;229;222;212m[48;2;226;212;205m▀[38;2;224;217;207m[48;2;202;188;181m▀[38;2;208;186;179m[48;2;207;180;175m▀[38;2;204;182;175m[48;2;209;182;177m▀[38;2;211;182;176m[48;2;205;176;170m▀[38;2;205;176;170m[48;2;222;193;187m▀[38;2;216;207;204m[48;2;151;150;147m▀[38;2;77;68;65m[48;2;132;131;128m▀[38;2;43;25;25m[48;2;129;107;109m▀[38;2;146;128;128m[48;2;123;101;103m▀[38;2;100;78;80m[48;2;249;199;202m▀[38;2;36;14;16m[48;2;148;98;101m▀[38;2;81;90;87m[48;2;75;47;48m▀[38;2;124;133;130m[48;2;154;126;127m▀[38;2;134;114;115m[48;2;205;137;141m▀[38;2;133;113;114m[48;2;232;164;168m▀[38;2;193;131;136m[48;2;227;166;168m▀[38;2;232;170;175m[48;2;211;150;152m▀[38;2;226;162;164m[48;2;210;152;153m▀[38;2;222;158;160m[48;2;219;161;162m▀[38;2;225;174;177m[48;2;220;156;159m▀[38;2;178;127;130m[48;2;230;166;169m▀[38;2;120;89;91m[48;2;234;170;173m▀[38;2;99;68;70m[48;2;226;162;165m▀[38;2;91;63;62m[48;2;220;159;161m▀[38;2;100;72;71m[48;2;227;166;168m▀[38;2;135;90;95m[48;2;235;170;172m▀[38;2;175;130;135m[48;2;231;166;168m▀[38;2;229;181;185m[48;2;220;160;164m▀[38;2;173;125;129m[48;2;221;161;165m▀[38;2;76;51;51m[48;2;91;70;69m▀[38;2;170;145;145m[48;2;109;88;87m▀[38;2;231;166;168m[48;2;228;167;168m▀[38;2;222;157;159m[48;2;218;157;158m▀[38;2;223;159;161m[48;2;223;159;161m▀▀[38;2;222;158;160m[48;2;223;158;160m▀[48;2;222;157;159m▀[48;2;221;157;159m▀[38;2;221;157;159m▀[0m
[38;2;38;31;25m[48;2;82;82;82m▀[38;2;214;207;201m[48;2;86;86;86m▀[38;2;230;224;212m[48;2;87;86;81m▀[38;2;243;237;225m[48;2;113;112;107m▀[38;2;226;210;201m[48;2;220;208;200m▀[38;2;197;181;172m[48;2;212;200;192m▀[38;2;207;180;175m[48;2;205;189;182m▀[48;2;220;204;197m▀[38;2;212;198;191m[48;2;231;227;218m▀[38;2;234;220;213m[48;2;228;224;215m▀[38;2;191;192;188m[48;2;231;232;226m▀[38;2;230;231;227m[48;2;220;221;215m▀[38;2;147;124;121m[48;2;92;57;57m▀[38;2;132;109;106m[48;2;189;154;154m▀[38;2;231;175;178m[48;2;227;169;170m▀[38;2;189;133;136m[48;2;179;121;122m▀[38;2;120;70;75m[48;2;128;80;84m▀[38;2;231;181;186m[48;2;218;170;174m▀[38;2;227;157;161m[48;2;221;153;156m▀[38;2;221;151;155m[48;2;223;155;158m▀[38;2;221;170;173m[48;2;222;166;169m▀[38;2;163;112;115m[48;2;180;124;127m▀[38;2;128;83;84m[48;2;124;79;82m▀[38;2;222;177;178m[48;2;221;176;179m▀[38;2;220;155;158m[48;2;219;155;157m▀[38;2;222;157;160m[48;2;222;158;160m▀[38;2;220;156;158m▀[38;2;222;158;160m▀[38;2;222;158;161m[48;2;222;158;161m▀[38;2;221;157;160m[48;2;221;157;160m▀[38;2;217;156;158m▀[38;2;219;158;160m▀[38;2;223;155;159m[48;2;225;155;160m▀[38;2;237;169;173m[48;2;227;157;162m▀[38;2;148;122;125m[48;2;203;167;171m▀[38;2;69;43;46m[48;2;101;65;69m▀[38;2;185;135;136m[48;2;111;77;80m▀[38;2;220;170;171m[48;2;203;169;172m▀[38;2;223;155;156m[48;2;224;156;157m▀[38;2;225;157;158m▀[38;2;222;158;160m[48;2;222;158;160m▀▀[38;2;223;158;160m[48;2;221;157;159m▀[38;2;222;157;159m▀[0m